0 0 0
0 1 0
0 2 0
0 3 0
0 4 0
0 5 0
0 6 0
0 7 0
0 8 0
0 9 0
1 0 0
1 1 1
1 2 4
1 3 9
1 4 16
1 5 25
1 6 36
1 7 49
1 8 64
1 9 81
2 0 0
2 1 16
2 2 64
2 3 144
2 4 256
2 5 400
2 6 576
2 7 784
2 8 1024
2 9 1296
3 0 0
3 1 81
3 2 324
3 3 729
3 4 1296
3 5 2025
3 6 2916
3 7 3969
3 8 5184
3 9 6561
4 0 0
4 1 256
4 2 1024
4 3 2304
4 4 4096
4 5 6400
4 6 9216
4 7 12544
4 8 16384
4 9 20736
5 0 0
5 1 625
5 2 2500
5 3 5625
5 4 10000
5 5 15625
5 6 22500
5 7 30625
5 8 40000
5 9 50625
6 0 0
6 1 1296
6 2 5184
6 3 11664
6 4 20736
6 5 32400
6 6 46656
6 7 63504
6 8 82944
6 9 104976
7 0 0
7 1 2401
7 2 9604
7 3 21609
7 4 38416
7 5 60025
7 6 86436
7 7 117649
7 8 153664
7 9 194481
8 0 0
8 1 4096
8 2 16384
8 3 36864
8 4 65536
8 5 102400
8 6 147456
8 7 200704
8 8 262144
8 9 331776
9 0 0
9 1 6561
9 2 26244
9 3 59049
9 4 104976
9 5 164025
9 6 236196
9 7 321489
9 8 419904
9 9 531441
10 0 0
10 1 10000
10 2 40000
10 3 90000
10 4 160000
10 5 250000
10 6 360000
10 7 490000
10 8 640000
10 9 810000
